0.032220908,0.034649502,0.03346292,0.03793613,0.0372401,0.037098236,0.03574446,0.038368233,0.035921503,0.033916373,0.035380688,0.028947845,0.032099422,0.037199657,0.03526052,0.035799596,0.035357423,0.032621924,0.03420924,0.03597238,0.03626705,0.03936717,0.03798985,0.036260452,0.038196657,0.03555383,0.040255126,0.03670282
0.033614498,0.03503943,0.033617057,0.037917722,0.035035606,0.03606008,0.03642553,0.037016843,0.036679473,0.03401578,0.034704946,0.029234357,0.033938896,0.036473442,0.03528179,0.035679527,0.035755295,0.033952042,0.034891665,0.035807684,0.03621652,0.03961921,0.037581783,0.03400615,0.038115602,0.035984293,0.040854067,0.036480706
0.03305539,0.03356293,0.034250792,0.03777268,0.03775551,0.037417635,0.037120577,0.03751629,0.03561989,0.035395663,0.034698445,0.027718745,0.032551575,0.03636008,0.034371972,0.035503585,0.034656774,0.033185832,0.03512659,0.03631111,0.036191754,0.03991479,0.036217313,0.034833226,0.040220946,0.0357665,0.040153902,0.036749445
0.03209621,0.033965558,0.034190845,0.038262717,0.037219103,0.03558005,0.036425926,0.039170407,0.035989735,0.032644205,0.035826202,0.028788624,0.03296474,0.037189934,0.03401845,0.03631919,0.03585152,0.03400417,0.03508208,0.036251523,0.03435501,0.037728384,0.039102744,0.035111967,0.038293563,0.03613198,0.04031312,0.037122004
0.033722833,0.03529171,0.03438233,0.038560364,0.03646003,0.036331166,0.036890574,0.036576398,0.035438016,0.03309241,0.034688786,0.02741092,0.033395644,0.036236867,0.03447903,0.036965918,0.036999434,0.03364672,0.03344086,0.03586424,0.034901943,0.038449187,0.038800534,0.034189034,0.038983267,0.036499094,0.042162027,0.036140718
0.03273053,0.034437373,0.03425445,0.03888215,0.037684422,0.03685996,0.036989443,0.039857715,0.034622192,0.032900095,0.03512112,0.028113553,0.032079503,0.036744837,0.034661796,0.03633356,0.03395216,0.0330003,0.035473697,0.03694329,0.036603455,0.038461976,0.037367057,0.035629,0.038134538,0.03562592,0.0403765,0.036159396
0.03384905,0.03451737,0.03439156,0.038603768,0.035733566,0.037346713,0.036469437,0.03901796,0.03472847,0.03521109,0.035542835,0.029444143,0.03337453,0.03668746,0.03429562,0.03583881,0.03564884,0.031956684,0.034165308,0.034306947,0.035505194,0.04105466,0.0380292,0.03433574,0.039574802,0.035138533,0.040484793,0.034746867
0.033069782,0.035205543,0.034485053,0.038353547,0.03752868,0.036207326,0.035956744,0.03736371,0.0348231,0.034358185,0.03559831,0.02769615,0.03358101,0.036113724,0.03520095,0.035635687,0.035532337,0.03385377,0.034791514,0.03674504,0.03439936,0.03926717,0.039560907,0.03484172,0.03708153,0.035761777,0.041926224,0.035061117
0.033301648,0.03378149,0.03377087,0.039974306,0.03600137,0.037149798,0.036108147,0.039259214,0.035226308,0.034301747,0.0355987,0.027729698,0.034315232,0.03775339,0.033669107,0.03514955,0.035634957,0.0320813,0.03540616,0.034990687,0.036786117,0.040017873,0.036130834,0.03461685,0.03828029,0.03540551,0.042074773,0.035484057
0.033610888,0.03566704,0.033708036,0.037889436,0.035750765,0.036587935,0.036870252,0.03711378,0.035519138,0.03325469,0.035490807,0.027187569,0.03425802,0.037355226,0.034859974,0.035446513,0.03749564,0.033982396,0.034596875,0.03578443,0.035611276,0.039556153,0.037267473,0.03442265,0.03838008,0.03533031,0.04103337,0.035969276
0.0337691,0.03487793,0.03275349,0.039026793,0.035725,0.036639724,0.035621442,0.03704773,0.03578636,0.03524705,0.03519371,0.02747832,0.033651948,0.03776866,0.0351913,0.034682423,0.03579713,0.034198713,0.036069144,0.03622258,0.036803965,0.03928041,0.036305595,0.03409392,0.038301084,0.03601168,0.040879093,0.035575777
0.03205636,0.035327293,0.03391596,0.037355997,0.03746475,0.03707828,0.036527213,0.038963698,0.035574332,0.03194613,0.034953963,0.029285895,0.032786794,0.03681125,0.035936862,0.036433455,0.03496417,0.032786623,0.035253357,0.03650492,0.03617879,0.039045956,0.0374291,0.03601108,0.03778946,0.03505127,0.039608106,0.036958955
0.033209052,0.034693092,0.033578113,0.038411006,0.03720708,0.03742674,0.036778275,0.037368346,0.036403943,0.03313942,0.03372734,0.028056296,0.032328706,0.03821362,0.034401633,0.036653586,0.03491827,0.033736482,0.03477127,0.035279043,0.0367759,0.038658373,0.03769193,0.03485641,0.039767493,0.034811452,0.041103896,0.036033265
0.03391166,0.035354715,0.033378787,0.03767077,0.035339613,0.036387917,0.036359884,0.036830105,0.035148785,0.03433457,0.035286784,0.028076826,0.033881083,0.038024683,0.034891676,0.03533013,0.036078833,0.034329593,0.034835797,0.03593369,0.03668398,0.039423503,0.037419885,0.035101853,0.03761767,0.03523879,0.041191354,0.03593712
0.032683026,0.034262452,0.03444472,0.039147906,0.03667672,0.036258463,0.03753734,0.036485843,0.035887122,0.032557663,0.03541498,0.027058437,0.033976004,0.037237782,0.03450747,0.03546864,0.035821006,0.033270244,0.03371787,0.03524777,0.037112616,0.038693994,0.038262688,0.034019705,0.039212786,0.03612473,0.04253132,0.036380697
0.031625144,0.034212265,0.034857072,0.03754478,0.036562163,0.035922937,0.036804985,0.037097383,0.03631397,0.03359259,0.03545331,0.028886331,0.03235751,0.037914123,0.03403474,0.03697233,0.03551669,0.033252407,0.03418055,0.036228202,0.034557525,0.040155094,0.0389557,0.035446025,0.03895126,0.034994848,0.042122826,0.035487182
0.03194229,0.034756232,0.034582645,0.040284745,0.036994517,0.03698707,0.03579396,0.038328633,0.03400644,0.03428335,0.03592763,0.02765708,0.033782713,0.03586807,0.033793148,0.035809427,0.03561066,0.033904657,0.03322115,0.03606169,0.036631025,0.039710507,0.03659423,0.03487757,0.039292578,0.036320787,0.040620975,0.03635625
0.03205725,0.03410092,0.03495413,0.03999131,0.03771067,0.035953794,0.03665488,0.036929343,0.036028784,0.032461375,0.035950687,0.02798316,0.033408422,0.037138134,0.032728974,0.034850784,0.036487076,0.03457064,0.033645898,0.036511805,0.035109438,0.03884716,0.03832213,0.034796286,0.039825667,0.035985585,0.041044876,0.03595084
0.032240544,0.035374098,0.03377291,0.03688918,0.037137147,0.03607694,0.03709583,0.037825953,0.036168784,0.03276976,0.035756465,0.028551457,0.033388827,0.03739873,0.035162415,0.037627667,0.035258576,0.032904197,0.034112692,0.03552511,0.035193592,0.03881836,0.038717903,0.034407996,0.038056687,0.03530389,0.041175433,0.037288886
0.03245635,0.03474404,0.035348654,0.03883821,0.03619729,0.035676643,0.035856605,0.037921123,0.035581686,0.035401855,0.03599476,0.027631499,0.033594906,0.035982553,0.034772024,0.035089627,0.03607563,0.03310391,0.033557337,0.03599333,0.035486374,0.040693007,0.037080392,0.036032666,0.03816407,0.03497255,0.041810412,0.035942562
0.03279113,0.034569394,0.03322954,0.039028727,0.0353917,0.03729275,0.036326755,0.037932687,0.034649808,0.034081362,0.035166707,0.026865415,0.032753374,0.037804123,0.033530198,0.034607098,0.036575306,0.03311383,0.035552517,0.03686099,0.03621193,0.039668486,0.037647445,0.034397863,0.038805775,0.036545314,0.04220315,0.036396615
0.03382731,0.0353333,0.034470472,0.039113384,0.037060432,0.035792734,0.036457352,0.036823943,0.03544816,0.034029394,0.035335463,0.027961621,0.031805385,0.03708154,0.034556326,0.037216604,0.035400826,0.034160104,0.034407873,0.036493782,0.03629464,0.039356314,0.037602782,0.035104875,0.038161296,0.03485383,0.04022212,0.03562812
0.0329865,0.03465492,0.03410761,0.038662348,0.03670258,0.037112113,0.036397684,0.036555547,0.03535789,0.0341781,0.034933843,0.027191794,0.03350789,0.036155604,0.034609336,0.036187474,0.036443897,0.033793084,0.03377153,0.035416134,0.035903852,0.038264398,0.038351327,0.035147376,0.04098201,0.035717282,0.041475624,0.035432257
0.03339432,0.03568631,0.033537112,0.03783222,0.035535146,0.037358407,0.03507177,0.03787876,0.035576764,0.034308348,0.035925936,0.028161023,0.03351508,0.03797415,0.03501396,0.03515836,0.035892446,0.03396407,0.03521189,0.036508378,0.035955243,0.038688254,0.037146382,0.03474044,0.038178157,0.035911333,0.03927399,0.036601737
0.03442079,0.034192055,0.034522496,0.03873145,0.037155814,0.03752229,0.03636031,0.038516283,0.035797972,0.033908114,0.034293,0.026849028,0.031771455,0.03678424,0.033903345,0.037105672,0.034388572,0.03403353,0.035034295,0.036162235,0.03628527,0.038890027,0.036796793,0.03457576,0.039159108,0.03525298,0.041411705,0.036175475
0.03156323,0.034378372,0.034710925,0.039811186,0.035832334,0.035208818,0.037330538,0.037442975,0.03530938,0.032396276,0.035408497,0.02833973,0.033588756,0.03691073,0.034199342,0.03602653,0.037305687,0.033104386,0.034781784,0.035849947,0.035737857,0.0382163,0.03825363,0.034112077,0.038146615,0.03687019,0.041960623,0.037203226
0.032420054,0.035901513,0.03370803,0.038676567,0.035054643,0.036329895,0.03716123,0.035515256,0.036494937,0.03441352,0.03531886,0.028325485,0.033190988,0.036354,0.03457775,0.0364687,0.036594715,0.03369511,0.03418895,0.03703859,0.035525702,0.03894923,0.037368722,0.03556836,0.038859647,0.036080793,0.040847044,0.035371672
0.03299309,0.034574952,0.03432132,0.038675684,0.037136182,0.037129868,0.03711835,0.03675407,0.036013167,0.03256857,0.035496805,0.0271753,0.033448517,0.03762516,0.03381614,0.036015604,0.036369465,0.034305036,0.035482034,0.036442194,0.03608323,0.03845486,0.03714034,0.033973277,0.03855225,0.03554603,0.040854882,0.035933718
0.031791184,0.03462562,0.034605797,0.03649037,0.036362305,0.036608864,0.037665043,0.039686758,0.035820466,0.033590086,0.035948656,0.02902305,0.03263023,0.0365345,0.03338942,0.03600928,0.03600586,0.033465307,0.035249956,0.037069574,0.03645846,0.038698386,0.036591582,0.034990586,0.039178237,0.035268597,0.03992463,0.03631713
0.032097723,0.034762215,0.03466868,0.039930914,0.0354358,0.035843357,0.036816753,0.03679866,0.03584525,0.033998564,0.034964073,0.027267046,0.034098305,0.036236398,0.03345048,0.036192827,0.037377115,0.034158833,0.03393671,0.03565229,0.03552064,0.038548283,0.0387232,0.033571932,0.03919439,0.03677444,0.042918947,0.035216138
0.032405384,0.03499268,0.034890592,0.039068643,0.036686316,0.036677916,0.038565606,0.03830277,0.035493217,0.03280836,0.03388054,0.027764179,0.03317675,0.036600564,0.034563363,0.035192218,0.036361124,0.033297535,0.03436381,0.036552377,0.036074273,0.038065504,0.036499698,0.036395777,0.04111322,0.03557547,0.039739557,0.034892555
0.033119746,0.03396045,0.033681322,0.03738866,0.037651353,0.036473654,0.036970876,0.037279524,0.036063593,0.03338507,0.03429659,0.027558481,0.031888414,0.038090765,0.034857206,0.03663504,0.035222936,0.034159273,0.035408057,0.036673393,0.036415428,0.038900048,0.03708878,0.03512943,0.039327834,0.035472218,0.041035756,0.035866123
0.033036157,0.03523564,0.03429862,0.03851127,0.035072964,0.036371246,0.036809444,0.037024006,0.035565376,0.034566965,0.035425965,0.027348867,0.03487716,0.036193736,0.033252824,0.03539899,0.036815118,0.032130342,0.034902304,0.036501706,0.036055066,0.039357934,0.03766965,0.034311414,0.03906848,0.035881307,0.042201392,0.036116038
0.03258925,0.036444068,0.03599215,0.039148945,0.034892127,0.03593377,0.036470946,0.037102487,0.0361579,0.034346715,0.03586754,0.02988588,0.034285247,0.035544097,0.033546954,0.035643496,0.0354736,0.033253368,0.033092607,0.036218453,0.035010077,0.039906353,0.037455235,0.035495985,0.038202047,0.035061512,0.041362092,0.035617094
0.032729115,0.033575956,0.03338331,0.039158996,0.036597233,0.03651678,0.036032487,0.039481804,0.03481147,0.034258492,0.034873135,0.027831413,0.03328325,0.03733187,0.035388973,0.03593556,0.03559014,0.03358312,0.03461806,0.0356724,0.036081817,0.039313775,0.036079902,0.03566303,0.03913318,0.035744637,0.04149332,0.03583683
0.03402475,0.03453788,0.032808416,0.036783114,0.036659427,0.03509257,0.036572397,0.035885792,0.034730926,0.035501998,0.03529955,0.027968641,0.032950632,0.038567517,0.03765039,0.036648758,0.03383704,0.034161236,0.03516176,0.035893127,0.03582229,0.038744118,0.038326867,0.034346703,0.037957877,0.03486186,0.04267344,0.03653089
0.03277376,0.03545442,0.03369705,0.038838897,0.03579243,0.03592816,0.037232798,0.03734722,0.035870392,0.033965215,0.034453433,0.028123694,0.03385549,0.03663663,0.033579912,0.036758427,0.03623863,0.03402705,0.03505,0.036050558,0.035791,0.038992666,0.03762337,0.034514956,0.03824242,0.036117293,0.041155197,0.03588892
0.03400132,0.036081832,0.033216424,0.03669534,0.035699863,0.03639621,0.036021672,0.038004905,0.03537193,0.03411988,0.034981806,0.028343916,0.03404828,0.03774313,0.03526965,0.03533337,0.036056317,0.03297681,0.034773268,0.035928022,0.03604898,0.03969324,0.037338946,0.035717208,0.038532153,0.035317328,0.040668447,0.035619795
0.03266578,0.03427839,0.03506024,0.03945281,0.037374653,0.03666976,0.036016606,0.037917722,0.03617327,0.033180308,0.035389688,0.02788731,0.032112423,0.037215106,0.03347482,0.03688421,0.033861183,0.033637278,0.03493812,0.0354193,0.035499364,0.03797943,0.03789804,0.035057742,0.040381722,0.034835763,0.04162906,0.03710991
0.032673962,0.035035364,0.03391176,0.03777733,0.03719646,0.035927508,0.036273412,0.03708335,0.036001965,0.03286559,0.034598824,0.028273162,0.032616403,0.03819548,0.035730883,0.036626052,0.035441406,0.03310601,0.03315987,0.03552398,0.03493071,0.039328612,0.038543016,0.035376567,0.039172955,0.034935977,0.042207275,0.03748609
0.032068495,0.034670606,0.034071937,0.038865663,0.036825344,0.036643565,0.03725263,0.038141824,0.035333633,0.033568237,0.035226118,0.027415987,0.03407931,0.037142273,0.0333093,0.03554747,0.036117893,0.033591714,0.034242533,0.03640064,0.035498437,0.037930734,0.037882287,0.03494671,0.04019173,0.035917483,0.041187916,0.035929557
0.03228551,0.03598238,0.034451686,0.038940426,0.037634034,0.036972962,0.037481636,0.037444867,0.034982227,0.03428795,0.034264527,0.027272196,0.03287208,0.037794918,0.034965266,0.036636543,0.036568668,0.0326659,0.032724064,0.036542617,0.035912856,0.038754717,0.036905225,0.035779253,0.0394281,0.033860132,0.041097555,0.03549174
0.03137694,0.034652267,0.03393364,0.037918292,0.03739859,0.03726201,0.037155855,0.03964549,0.035067245,0.032646,0.034417946,0.027439615,0.032877598,0.037201326,0.033566475,0.03679532,0.035274383,0.03327566,0.034752995,0.035986982,0.03596122,0.038351644,0.03816036,0.036022052,0.0392389,0.0359022,0.040976156,0.03674284
0.03324264,0.034955222,0.033864826,0.03815561,0.037648994,0.03628239,0.03728217,0.03807666,0.035788357,0.033364575,0.034840688,0.02819264,0.032146737,0.036846552,0.035588335,0.036612727,0.03411588,0.033842247,0.034437466,0.03632624,0.035668895,0.037559375,0.038242746,0.03565883,0.039207153,0.034865685,0.0407229,0.036463436
0.033789754,0.03574548,0.033605322,0.037573833,0.03562882,0.036773816,0.035954326,0.036210924,0.036332,0.03370042,0.03568748,0.028536513,0.033479802,0.037072822,0.03503893,0.035335287,0.036333676,0.034841944,0.034758613,0.035859898,0.036378495,0.038064748,0.037264954,0.0344133,0.038130287,0.035737384,0.04048197,0.037269145
0.034605034,0.035123955,0.03376551,0.038840882,0.035401106,0.035999235,0.035342164,0.03541543,0.035795886,0.03382019,0.035579763,0.028441422,0.03405468,0.036487546,0.03511724,0.034706775,0.036991697,0.034183443,0.033396296,0.03606365,0.036038924,0.03820239,0.03866599,0.033931963,0.03823541,0.037255798,0.04300368,0.03553393
0.03281365,0.03510512,0.033052314,0.03749008,0.036573686,0.035959974,0.03623699,0.03677914,0.0361143,0.0327501,0.03494149,0.027576854,0.033573646,0.03925889,0.035436124,0.03572572,0.03391249,0.034158923,0.03590618,0.036296178,0.03656964,0.038263183,0.038276665,0.035678796,0.03874689,0.034565806,0.041761942,0.03647519
0.03301906,0.03541905,0.033084642,0.03805837,0.035281807,0.03623743,0.03623178,0.03701135,0.03515271,0.034770075,0.035242468,0.028523777,0.033141386,0.03824894,0.0339754,0.03665558,0.035654116,0.0344214,0.035314064,0.036067724,0.03652258,0.03902671,0.03789733,0.03436685,0.03898826,0.035581563,0.040614765,0.035490837
0.03117951,0.034359764,0.03407681,0.037959944,0.036618017,0.035738252,0.036780246,0.038586542,0.03565606,0.03306002,0.03540766,0.028883118,0.032851294,0.037686467,0.033636995,0.03708546,0.036727015,0.033934817,0.034748204,0.037175562,0.03530943,0.038440716,0.037938055,0.034634862,0.03804644,0.0360172,0.040304765,0.037156865
0.033157475,0.03426194,0.033639077,0.040253486,0.035901263,0.03637166,0.03695295,0.038452476,0.035752203,0.033856098,0.035055406,0.027459111,0.032948516,0.035712123,0.03610634,0.035647873,0.034962937,0.032117397,0.035429485,0.035475776,0.037039712,0.03890969,0.037388146,0.036105767,0.03944395,0.03610862,0.0393222,0.036168374
0.03363303,0.034866937,0.034399398,0.03906173,0.036131892,0.0370557,0.036713023,0.03720597,0.034591164,0.033626568,0.03511464,0.027582683,0.03352637,0.037035137,0.034225605,0.036393333,0.036643438,0.03421466,0.034907203,0.035655897,0.03589362,0.0386277,0.03771957,0.034566868,0.039361235,0.03481679,0.04092196,0.035507932
0.033255257,0.03555857,0.0340277,0.038429208,0.036099132,0.035886478,0.03669718,0.037040174,0.035709094,0.034192864,0.034046397,0.028946532,0.033096507,0.036822643,0.034858417,0.036069326,0.03532621,0.033640612,0.035390444,0.035764065,0.036188602,0.037244983,0.03900048,0.034594983,0.038815264,0.03683233,0.04008565,0.0363809
0.033387948,0.036754243,0.03387068,0.037554514,0.035692446,0.035934657,0.037588894,0.03651372,0.037055247,0.03321947,0.035511855,0.029564675,0.034390975,0.03574541,0.034633204,0.035669483,0.035217337,0.033498377,0.034868535,0.034667186,0.036330167,0.039170012,0.03641779,0.035208747,0.039191063,0.0349621,0.040984444,0.036396902
0.03358877,0.03538275,0.034707684,0.03912734,0.035900105,0.037265826,0.036761962,0.036897358,0.035166163,0.03356053,0.0351548,0.028071065,0.033011846,0.03646583,0.03492414,0.0357096,0.036344204,0.03245015,0.033723004,0.035379466,0.036397714,0.038963754,0.037654713,0.03528141,0.03903034,0.036020115,0.041576248,0.03548314
0.03277302,0.034665126,0.033870414,0.038182717,0.03689051,0.035379965,0.035957888,0.036575153,0.036516543,0.032736015,0.034926664,0.027789116,0.03306403,0.038211983,0.035911147,0.036262657,0.035384893,0.03320897,0.0333898,0.03489367,0.0356368,0.03932516,0.039296005,0.035043173,0.038974613,0.03557863,0.042584524,0.03697084
0.03314484,0.034518667,0.034579214,0.038819008,0.037007138,0.036391873,0.037309486,0.038695198,0.035165127,0.03286184,0.034801327,0.028895788,0.03237287,0.03697039,0.034525905,0.03522989,0.03479169,0.03216019,0.034217257,0.036158007,0.036949527,0.03850589,0.037095472,0.035415277,0.039971147,0.035972226,0.041104514,0.036370218
0.03402162,0.035467934,0.03387048,0.04026024,0.034936164,0.03674909,0.03548297,0.034750026,0.035700437,0.034306955,0.03563442,0.028044447,0.033788268,0.037226163,0.03684941,0.0353032,0.035406273,0.0334454,0.034878124,0.035557076,0.03685326,0.040643796,0.03704785,0.03400766,0.03747411,0.034886654,0.04241607,0.034991868
0.03280178,0.03532989,0.033453073,0.037147965,0.036578234,0.03665706,0.036009457,0.03869089,0.035994396,0.033489205,0.035046373,0.028969396,0.033355486,0.037549116,0.03449112,0.035079762,0.034904025,0.033503704,0.035120964,0.035705876,0.035164192,0.03959681,0.03813252,0.036051676,0.039325636,0.035118442,0.03977871,0.036954246
0.03278151,0.034766313,0.03541684,0.03928555,0.035440557,0.036984798,0.036882274,0.03818273,0.03514349,0.03390588,0.035714734,0.027432445,0.033320192,0.035699718,0.033617772,0.036755707,0.036042508,0.033561286,0.034477297,0.036828015,0.035217743,0.039806277,0.037001412,0.035198957,0.039004046,0.036734685,0.03947722,0.035320017
0.03340404,0.036048926,0.033935476,0.037657127,0.036322933,0.03779217,0.03525723,0.037979618,0.035196036,0.033056874,0.035565488,0.028052678,0.033706684,0.03723734,0.035003662,0.035160802,0.035827797,0.03369295,0.034107037,0.03657919,0.035532366,0.03909182,0.037234843,0.03571798,0.039024882,0.035324723,0.040040407,0.036448926
0.033187717,0.03517843,0.033571523,0.038850233,0.037190977,0.035619054,0.03684056,0.03744543,0.035453003,0.032968868,0.035406236,0.02748837,0.03226378,0.038134124,0.034558665,0.037229326,0.035679,0.034102034,0.035201393,0.035807095,0.036114667,0.037616685,0.03916254,0.033644915,0.037766628,0.036547713,0.04066392,0.03630707
0.033302363,0.03488955,0.03445753,0.03846066,0.038135406,0.036290947,0.0367748,0.036787625,0.035569437,0.032656357,0.035002887,0.027931632,0.031380277,0.038019814,0.035521965,0.037089333,0.03520823,0.03242147,0.03432456,0.036061727,0.035078354,0.037458494,0.038373567,0.03473589,0.03963177,0.035211883,0.04288801,0.036335412
0.032562148,0.03480784,0.033763606,0.037637573,0.037650265,0.037503675,0.038033206,0.038029756,0.036045745,0.032422785,0.03466124,0.028580317,0.03319019,0.036932744,0.03517385,0.03694428,0.03450953,0.032539565,0.034425557,0.035811387,0.035910152,0.037198037,0.03856709,0.036049075,0.03912645,0.035550565,0.039701615,0.036671795
0.033101395,0.035280164,0.034552895,0.039412953,0.03558384,0.036432896,0.036471657,0.03642326,0.035985794,0.03390649,0.034525145,0.027705645,0.03356817,0.036557686,0.034041137,0.03582139,0.036795173,0.033397187,0.033397626,0.03541516,0.036204107,0.04042591,0.037858445,0.034862507,0.039005414,0.03624568,0.041739523,0.035282742
0.03449142,0.035017055,0.032976378,0.037476316,0.035415597,0.036723237,0.03607834,0.037611607,0.03521361,0.03394568,0.035490382,0.027734304,0.033808764,0.03797786,0.034705672,0.036165003,0.03607977,0.033898503,0.03544652,0.035918057,0.03593359,0.039459076,0.037973203,0.034536168,0.037166778,0.03546469,0.041002277,0.036290124
0.033560373,0.035503667,0.033432323,0.037466466,0.035895,0.037795793,0.035258625,0.037210625,0.035463687,0.034238692,0.035726666,0.028073616,0.033270266,0.037391845,0.03516082,0.03543859,0.035709698,0.033378836,0.034595523,0.036014047,0.03610253,0.038495306,0.037611466,0.03519647,0.038443178,0.03541764,0.040681634,0.037466627
0.033356927,0.035064913,0.033728268,0.03893519,0.03584671,0.036877215,0.03624639,0.03596792,0.03600342,0.034170967,0.035540223,0.028110456,0.034394894,0.036230616,0.03456818,0.03514737,0.036328707,0.03341212,0.03359814,0.03603761,0.03624567,0.038580604,0.036232766,0.036381457,0.04010194,0.035627596,0.04126908,0.035994597
0.035330288,0.03550333,0.034152083,0.037282072,0.034686375,0.036044467,0.035554692,0.036786884,0.03626094,0.035111014,0.035405464,0.029251497,0.033951014,0.036209825,0.035106666,0.034798007,0.03783747,0.032027077,0.033805512,0.03485208,0.03533304,0.039044667,0.038348813,0.035267696,0.038599152,0.035245337,0.041619774,0.036584765
0.032798726,0.034096222,0.033919424,0.03734435,0.037871264,0.036721706,0.037451867,0.03912981,0.0350998,0.03316364,0.034387078,0.027718624,0.031972986,0.036944695,0.03470079,0.035986416,0.036574874,0.03428578,0.034735277,0.035803303,0.035570085,0.038571544,0.037666865,0.03438666,0.038942713,0.036507003,0.04191656,0.035731893
0.033755418,0.03414646,0.0332165,0.03819757,0.03789857,0.037232526,0.03627603,0.037910387,0.03609023,0.032987863,0.034229584,0.027021976,0.031937476,0.037263136,0.034172,0.03814381,0.03388809,0.03370234,0.03428095,0.035802867,0.03620203,0.038790163,0.037719432,0.03532482,0.039013106,0.03505295,0.042456742,0.03728693
0.033926148,0.035622083,0.03405966,0.038869962,0.03647126,0.03764196,0.03597743,0.037380353,0.034915026,0.03380689,0.034585718,0.027064705,0.033614438,0.037055653,0.034243084,0.035557278,0.035685156,0.03434918,0.03410766,0.035832465,0.03631549,0.0392906,0.03735197,0.03486734,0.039683744,0.03483981,0.041045427,0.03583957
0.033015892,0.034628514,0.035094872,0.04004209,0.037228942,0.03634413,0.036818452,0.03667965,0.03591449,0.032631066,0.03502867,0.027814325,0.032419264,0.037088677,0.03425501,0.036608808,0.035437018,0.03244996,0.033151902,0.035385467,0.035097286,0.037857786,0.038458504,0.036263634,0.03953358,0.035511192,0.04241328,0.036827534
0.032656647,0.034718618,0.034358766,0.03994303,0.036979564,0.036734022,0.036609262,0.03719974,0.03521285,0.03343501,0.034945715,0.026855376,0.032856185,0.037191518,0.034078572,0.035966177,0.036548328,0.03388289,0.033064466,0.036064614,0.03548091,0.038683746,0.03851452,0.035601724,0.038561236,0.03589042,0.042162754,0.035803396
0.033556566,0.0343862,0.035140753,0.040230893,0.035033815,0.035290927,0.036299467,0.037952825,0.034249738,0.03398566,0.036312066,0.02765263,0.033357497,0.03696603,0.035262328,0.03459789,0.03645955,0.03393367,0.03547154,0.036138948,0.03591753,0.03999888,0.036858518,0.035067383,0.03887676,0.036176916,0.04019201,0.034632996
0.032432258,0.035392698,0.033718377,0.037358657,0.03583675,0.03673087,0.03631505,0.038117465,0.03570973,0.03504726,0.034357063,0.02803215,0.033312786,0.036761962,0.034608155,0.03666277,0.035470784,0.034081038,0.033696268,0.035972793,0.03604947,0.040180597,0.038425997,0.03528556,0.038203187,0.034716558,0.04093052,0.036593236
0.03240376,0.03426546,0.034079652,0.037719674,0.03477116,0.037281677,0.03824539,0.035996083,0.03648475,0.03497394,0.035890903,0.02777236,0.033316784,0.03672708,0.034119505,0.034288406,0.036347795,0.03312751,0.035338655,0.036209174,0.035945516,0.039258163,0.0382057,0.034685325,0.03992605,0.035958573,0.04100517,0.03565577
0.033356022,0.036197808,0.033830304,0.038310222,0.035660528,0.03627273,0.0370401,0.037091453,0.035482176,0.033916045,0.034188848,0.027737046,0.034448512,0.03669542,0.034717076,0.035315845,0.03765702,0.034294046,0.0347535,0.03586307,0.035917435,0.04034615,0.036885094,0.03340918,0.03856648,0.035565432,0.041277077,0.03520539
0.031310257,0.03451374,0.033559613,0.03753053,0.036568716,0.03680165,0.036116555,0.0412024,0.03634967,0.03373016,0.035382,0.027468992,0.033375613,0.03731466,0.03406547,0.03560837,0.035247076,0.033202786,0.034991793,0.036537744,0.03569047,0.03948676,0.037872814,0.035487577,0.03883915,0.035107207,0.039777957,0.036860287
0.0335527,0.03516207,0.034658786,0.03920958,0.036998406,0.0369628,0.036696054,0.036010835,0.036059555,0.032654166,0.035169568,0.028490316,0.03319468,0.036968976,0.034380376,0.03589523,0.035797294,0.0332055,0.033284746,0.035301942,0.034948476,0.03768164,0.038814116,0.035059307,0.0396586,0.035899814,0.041758113,0.036526367
0.03221849,0.035842303,0.035450093,0.038498048,0.035687026,0.035749886,0.03604552,0.037726007,0.035894934,0.03428031,0.035989963,0.027693737,0.033557925,0.03725792,0.03390452,0.03660559,0.03627476,0.032783657,0.033718504,0.03672417,0.03458582,0.03802205,0.038387455,0.035267342,0.039596632,0.035035964,0.04167443,0.035527024
0.031878453,0.03502205,0.03336805,0.038449656,0.03655104,0.0364846,0.036297694,0.036072318,0.03583861,0.034927968,0.034848195,0.028252456,0.033791736,0.038895473,0.03393502,0.035367817,0.03554336,0.033804383,0.033930503,0.036247868,0.035625566,0.038372155,0.037606087,0.035009004,0.039956447,0.03435873,0.043568283,0.035996422
0.03225667,0.034661595,0.033784177,0.03696881,0.037463333,0.03702383,0.036863763,0.03703512,0.03631767,0.032471154,0.035674013,0.028213048,0.033480015,0.038049426,0.035780534,0.036685374,0.035115235,0.033548538,0.034726847,0.035712972,0.03486047,0.039273974,0.038492937,0.0343677,0.03827006,0.03482608,0.041466527,0.03661016
0.03327985,0.035322558,0.03364333,0.03725785,0.03624449,0.036373034,0.037192736,0.038180415,0.035645902,0.033379696,0.035123896,0.027532293,0.033833854,0.037683714,0.03431029,0.035472825,0.03723299,0.03391115,0.034880266,0.03618479,0.036277685,0.039297335,0.037173547,0.03382498,0.038023397,0.0358669,0.040483434,0.03636677
0.03321571,0.03412199,0.03311281,0.037747577,0.03595862,0.036738325,0.037614167,0.03781836,0.035368692,0.034073606,0.034800164,0.02907328,0.033848405,0.036849607,0.033239562,0.03565634,0.036634568,0.034137107,0.033734243,0.03565223,0.03600866,0.04017656,0.038999658,0.0335947,0.03926733,0.035982776,0.040460322,0.036114655
0.0323156,0.03531421,0.0345054,0.040440954,0.037141964,0.03743134,0.03750156,0.03773882,0.034618177,0.032940865,0.034394577,0.02736032,0.033453774,0.03698414,0.033016697,0.035945527,0.03598576,0.034084417,0.0339405,0.03634045,0.03616185,0.03940644,0.03662677,0.035275783,0.039009687,0.034967285,0.04127366,0.035823464
0.033043407,0.036012225,0.033051435,0.03614807,0.035990875,0.03570835,0.036862,0.037580103,0.035519116,0.03428461,0.035710175,0.029403985,0.034284525,0.03778971,0.034616802,0.036233373,0.035259087,0.034099266,0.034516178,0.036237147,0.036149513,0.03819858,0.037885852,0.034760967,0.03815292,0.03550515,0.040460553,0.03653608
0.03377355,0.03509375,0.03307681,0.037934437,0.036246832,0.035565,0.03694099,0.035955507,0.034790117,0.035060793,0.0350774,0.027667524,0.033514533,0.038503863,0.036216516,0.036650725,0.034119062,0.034295604,0.035465278,0.035944838,0.036046024,0.03865378,0.0377473,0.034180716,0.038062084,0.03476522,0.042244736,0.036407046
0.033627603,0.03513064,0.03395857,0.041550294,0.035935134,0.036621295,0.036155842,0.036828738,0.035469238,0.034501277,0.0351668,0.027269242,0.03296358,0.037254963,0.0348601,0.03386321,0.036357045,0.033544462,0.035649642,0.03501683,0.0372204,0.03873685,0.035695456,0.035507724,0.038415253,0.0360143,0.040869534,0.03581606
0.033021875,0.034472022,0.034690086,0.03694944,0.037058555,0.0368946,0.0368531,0.040405124,0.03556731,0.034722313,0.034484953,0.028318396,0.032704893,0.035808716,0.034411564,0.036632936,0.034232285,0.03268728,0.03495101,0.03535971,0.035264794,0.039482836,0.036820617,0.035277516,0.040154036,0.035523914,0.041532837,0.035717178
0.033251595,0.03522561,0.032598305,0.037766915,0.03721866,0.035820533,0.03737947,0.03641815,0.03477279,0.03422583,0.034290012,0.02781391,0.033453707,0.038794015,0.035527736,0.03704848,0.03433661,0.03493035,0.03549354,0.03590047,0.036503196,0.038431443,0.03791658,0.034373663,0.037602857,0.034495793,0.04156812,0.03684164
0.03268752,0.03415963,0.03562215,0.039334174,0.03643237,0.037517637,0.036473975,0.03683635,0.0359245,0.032621723,0.03512813,0.028015196,0.033301406,0.0373185,0.033088118,0.036618248,0.035994228,0.033318654,0.032873854,0.035452727,0.035370998,0.038298123,0.039189413,0.034895416,0.03981337,0.035105802,0.0418476,0.036760196
0.033814043,0.035284225,0.034757115,0.039257128,0.03527745,0.035887595,0.035811312,0.036170118,0.0353283,0.034973614,0.034859326,0.028120566,0.033002272,0.036603786,0.035071548,0.035790905,0.03671866,0.03353967,0.034851216,0.037022214,0.035864852,0.038251817,0.03811886,0.033575464,0.038434386,0.03625473,0.042010613,0.035348188
0.031550243,0.034615718,0.03528319,0.037729695,0.035596564,0.0376201,0.03680285,0.038447447,0.03415463,0.032977693,0.035315514,0.029700732,0.032805707,0.037401635,0.035071082,0.03511379,0.035078872,0.03338805,0.035806566,0.03660795,0.03469388,0.039824434,0.03880551,0.03399681,0.03769787,0.03537351,0.041094165,0.03744576
0.032441195,0.035073515,0.034281187,0.03968676,0.036700908,0.03751111,0.036460772,0.038481485,0.035797227,0.033234727,0.035065554,0.026777722,0.034117512,0.037441403,0.032533985,0.03491136,0.036028836,0.03404186,0.03476099,0.036064133,0.0361533,0.038790017,0.037223805,0.035040896,0.0397945,0.0358204,0.04018063,0.035584245
0.034788217,0.035325557,0.033882096,0.037390176,0.03502139,0.036021903,0.035796724,0.03515425,0.03603417,0.03483976,0.035812937,0.026852721,0.033478227,0.037501756,0.03514947,0.03508959,0.03759331,0.033958003,0.0339369,0.03568533,0.03552868,0.039054524,0.039945677,0.033378977,0.038143955,0.036918074,0.04205871,0.035658848
0.032000035,0.03371438,0.034306753,0.039190035,0.037748616,0.037673403,0.038125046,0.03895863,0.034454588,0.032802165,0.035178598,0.027348664,0.032836277,0.03751925,0.032492418,0.03566461,0.035072275,0.034044586,0.03432034,0.036043994,0.036463413,0.03836138,0.03695577,0.035619926,0.040007286,0.03661489,0.040768918,0.03571372
0.03366679,0.035174582,0.034163717,0.039765313,0.035264675,0.037061747,0.03567234,0.0358595,0.03682434,0.034337778,0.035347123,0.027156143,0.033764996,0.036646266,0.03442966,0.035752766,0.03604513,0.034272794,0.0345818,0.035218157,0.035888266,0.039839618,0.036143504,0.035028413,0.0396095,0.035459626,0.041389428,0.035635963
0.03283267,0.035793085,0.034181137,0.03797636,0.03565442,0.037424058,0.03590333,0.03664126,0.03561187,0.03405907,0.03555195,0.027764851,0.034010522,0.036511082,0.033761203,0.035730157,0.036390003,0.0337851,0.034144927,0.035743877,0.03561282,0.038964175,0.037647996,0.035007104,0.03903783,0.036258727,0.041451853,0.03654857
0.03304535,0.034579862,0.03466807,0.039029744,0.036908828,0.037025433,0.037572518,0.036955737,0.035300124,0.03331131,0.035134062,0.027652588,0.033458207,0.036473516,0.0327042,0.0359313,0.036179423,0.03352627,0.03429486,0.03524485,0.036521647,0.038669948,0.03775642,0.035229117,0.039989725,0.035283852,0.041589156,0.03596385
0.03332658,0.035302367,0.034409024,0.03739814,0.037639275,0.036387753,0.03621613,0.03697386,0.036488913,0.033128705,0.034831654,0.02834391,0.03214656,0.03768306,0.034543995,0.03748462,0.034305498,0.033447187,0.034369454,0.035119597,0.035468336,0.037770167,0.039013866,0.03457478,0.039012846,0.035288684,0.04122885,0.03809619
0.033532206,0.03667484,0.033909895,0.03736016,0.034721762,0.03677368,0.03425185,0.037417024,0.03521693,0.03571917,0.0365589,0.030031338,0.03352149,0.034839343,0.03585856,0.03497669,0.037430823,0.03143665,0.034142964,0.035835203,0.035401307,0.04108055,0.03690217,0.035640556,0.03881072,0.035836864,0.040549368,0.03556901
0.03258807,0.03496442,0.033800863,0.03845144,0.035455715,0.036568552,0.036788385,0.038402233,0.034439657,0.035595115,0.03601282,0.027769756,0.034931086,0.036093324,0.036075935,0.035140004,0.036293913,0.03287043,0.03438534,0.035876673,0.035940893,0.039323997,0.035108924,0.035490986,0.038636778,0.036243826,0.041523244,0.035227634
0.03356631,0.034707703,0.033569563,0.03934125,0.035268612,0.03645661,0.035765383,0.036884792,0.036016274,0.035172876,0.035368923,0.02784431,0.03360263,0.037301105,0.035236012,0.034984183,0.03620518,0.034453202,0.035968754,0.03639244,0.036674008,0.03927301,0.0358643,0.03441067,0.03833988,0.036237735,0.039994378,0.03509995
0.0323858,0.035042595,0.0343675,0.03714229,0.03684777,0.036846563,0.037981957,0.03935153,0.03480926,0.03332756,0.034669846,0.028613161,0.03240977,0.037313603,0.03471481,0.036704607,0.034941114,0.0327922,0.03509739,0.0365242,0.03551574,0.038260825,0.039041687,0.03371547,0.03892017,0.03475967,0.04135933,0.036543615
0.032362744,0.03513218,0.034762148,0.038944434,0.0360422,0.0372996,0.03714415,0.036811285,0.034888282,0.034750544,0.036123905,0.028025365,0.0336425,0.035185136,0.033822533,0.0351457,0.03549078,0.03357524,0.035254613,0.035920326,0.037953578,0.039626557,0.03719901,0.03498811,0.038519807,0.035494473,0.03972263,0.03617223
0.032371435,0.034939267,0.034279693,0.039266977,0.036574055,0.03637896,0.036357705,0.037217893,0.035984647,0.033596747,0.035069812,0.02822961,0.032754518,0.03779604,0.033064898,0.037025683,0.036080014,0.033765078,0.03436674,0.03591711,0.035702225,0.038028006,0.03807113,0.035374284,0.03938952,0.034915537,0.040978514,0.036503904
0.03263113,0.034932546,0.03318053,0.036474,0.037578154,0.03632065,0.036599983,0.0370665,0.03638518,0.033025876,0.036091954,0.02894167,0.033572122,0.03877832,0.035201065,0.03603097,0.035014603,0.033735424,0.03454281,0.036157537,0.034705408,0.03821812,0.038304567,0.033820678,0.038344685,0.035563424,0.041314863,0.03746729
0.03358775,0.034885637,0.033850007,0.039002426,0.035643645,0.03712383,0.036547493,0.036961738,0.036174614,0.035189033,0.03512275,0.026731022,0.03375193,0.03701862,0.033228267,0.034578353,0.036771975,0.032826643,0.035050344,0.035060044,0.036505803,0.039886687,0.03608885,0.033993717,0.040243044,0.036406074,0.041880433,0.03588918
0.032462608,0.034521624,0.03412695,0.03796296,0.03799027,0.037523437,0.037277203,0.038520034,0.03571852,0.032840956,0.03479499,0.028554702,0.033268493,0.036629904,0.035717737,0.03595357,0.035007898,0.033027235,0.034582008,0.035717964,0.035526358,0.03895937,0.03827644,0.03593788,0.03928297,0.03505092,0.039697852,0.035069194
0.032992944,0.035039786,0.034209527,0.039442316,0.035158023,0.037071407,0.037138704,0.0362067,0.035764754,0.034767754,0.03526387,0.027817067,0.034128875,0.037085634,0.034819905,0.03456451,0.037309416,0.03439691,0.035620987,0.03602845,0.03689274,0.038752373,0.03555167,0.033704396,0.03885536,0.03633848,0.040032063,0.035045307
0.033211984,0.03556158,0.032065332,0.037042383,0.035035845,0.035648014,0.036053475,0.03685127,0.03519984,0.03542928,0.03561,0.027969569,0.03383451,0.038280375,0.035845794,0.036633193,0.034331102,0.033769093,0.035267495,0.03526186,0.03527783,0.03954582,0.03960365,0.035272215,0.037899386,0.034063958,0.043473653,0.035961512
0.033416517,0.03574389,0.034507595,0.038293485,0.03645707,0.036466964,0.036471054,0.037289776,0.036358066,0.03352543,0.034974143,0.028102245,0.03358959,0.037073392,0.03408881,0.036028728,0.037267555,0.03334229,0.03432715,0.03643498,0.035713084,0.038588688,0.03723566,0.034324143,0.038689207,0.03564528,0.040117614,0.035927586
0.03357965,0.035451483,0.033915475,0.039382577,0.035663534,0.037325956,0.035451833,0.037193216,0.035565045,0.034061283,0.034883723,0.027165866,0.033862833,0.036408834,0.034385,0.036116913,0.037136637,0.033952735,0.03401201,0.035528067,0.03569233,0.03956167,0.037113205,0.03487874,0.039134827,0.035439253,0.041227352,0.035909913
0.0325193,0.033902865,0.03401616,0.03764469,0.038126666,0.036350995,0.0375489,0.038503766,0.03551602,0.032670368,0.034618326,0.027970592,0.032035455,0.03725538,0.034785554,0.036705714,0.03493068,0.03282141,0.035581864,0.035832796,0.03504401,0.03717442,0.038321845,0.035636414,0.039126467,0.03629478,0.04205637,0.037008237
0.034039963,0.035735972,0.03512067,0.03772483,0.036355123,0.03640189,0.03660151,0.038314484,0.035036176,0.0335294,0.035525877,0.029053686,0.032318022,0.036431,0.036016893,0.035458192,0.035145205,0.032977883,0.035903096,0.036636695,0.03490621,0.03838646,0.03801111,0.03520594,0.03777929,0.035285287,0.04067544,0.035423752
0.034547143,0.03532739,0.03393323,0.039748512,0.034977634,0.036655903,0.036385544,0.035315868,0.036983345,0.033362105,0.035121992,0.027927376,0.03374568,0.036347557,0.035577223,0.034822736,0.035359435,0.033813167,0.034315377,0.034813926,0.03660175,0.03910887,0.036797572,0.03483266,0.039883472,0.035826042,0.042173315,0.035695225
0.03288974,0.034236375,0.034030132,0.038385857,0.03694346,0.036057953,0.03663525,0.037903633,0.035753846,0.033805463,0.035626426,0.027935669,0.03336249,0.03625054,0.0351233,0.037316058,0.036193658,0.03307297,0.034390096,0.035538763,0.035207797,0.039748754,0.03772655,0.0348893,0.038101014,0.036270592,0.041471124,0.0351332
0.032579478,0.03527933,0.033522815,0.04000994,0.035707023,0.03711929,0.035436545,0.03752182,0.035237577,0.034074243,0.035900217,0.027560076,0.033524413,0.03736813,0.03449022,0.03493799,0.035843574,0.03280511,0.035599787,0.03635797,0.036076963,0.039905693,0.036204226,0.034754883,0.039108463,0.035668485,0.041775167,0.03563052
0.032751415,0.03534969,0.032258783,0.03870216,0.037687913,0.036163256,0.03609111,0.04029186,0.034797974,0.035050727,0.037305128,0.027260836,0.034179874,0.03548725,0.035186816,0.035020303,0.035262577,0.034051824,0.033705622,0.036182884,0.035625037,0.038782768,0.035576437,0.03497959,0.03963468,0.036017098,0.040907983,0.035688434
0.032721642,0.035348095,0.032789692,0.03776919,0.03790787,0.035926677,0.037229493,0.038511302,0.035809126,0.033944126,0.03467798,0.027140237,0.033192296,0.03648603,0.035068717,0.037009165,0.034784548,0.034458134,0.03513097,0.035983063,0.03534938,0.0378372,0.037959266,0.03430118,0.039196063,0.034780666,0.04153683,0.037151076
0.03194088,0.035204288,0.035499115,0.03913843,0.0365739,0.03729863,0.03695189,0.038154922,0.034729317,0.034260232,0.03487523,0.028247615,0.033038244,0.037094183,0.034731325,0.035967536,0.035804164,0.03213111,0.03384174,0.03690863,0.03472466,0.03795725,0.037787713,0.035598714,0.0402651,0.035155833,0.041138772,0.034980517
0.033183575,0.03417302,0.03322929,0.03750374,0.03781139,0.03659516,0.03651099,0.037387762,0.03605597,0.033138733,0.034579292,0.027339451,0.032846745,0.03891873,0.034538742,0.036046255,0.03463981,0.033954743,0.03528664,0.035692558,0.036120024,0.038040016,0.03853407,0.03472159,0.03939201,0.035009544,0.04188787,0.036862284
0.03423782,0.034491386,0.033951283,0.0376799,0.034871936,0.037014786,0.035775878,0.035701733,0.03665589,0.035027646,0.035590377,0.028286073,0.033746347,0.03634072,0.034051646,0.034954995,0.036903154,0.03345522,0.03478465,0.035701625,0.036411617,0.038763985,0.038909823,0.03448931,0.038643762,0.03621713,0.041434653,0.035906646
